version https://git-lfs.github.com/spec/v1
oid sha256:3bd182c09a88e1ba3cb8d5f6589358b1a80fce9a3c824caca0d018fa36d55954
size 13753409
