version https://git-lfs.github.com/spec/v1
oid sha256:4d642b2744bef90d4aab5ac2d71352fa450a6ba232bbe98603deabd81fee043d
size 6457190
