version https://git-lfs.github.com/spec/v1
oid sha256:cf28a387cf3d998d4a6bf6c8e78da97edc8fa2697bc3c4e72d847d4c3a6b5423
size 11181939
