version https://git-lfs.github.com/spec/v1
oid sha256:ef1236a2ef9c276f88ecc592900308858ce0ece2066ae8f1a18ee8160545c71e
size 10477433
