version https://git-lfs.github.com/spec/v1
oid sha256:395ab1bb3d31221ab9e50e2a37996268b0457c3ced84d00370f805a394907a17
size 17177198
