version https://git-lfs.github.com/spec/v1
oid sha256:2621686eafc3c21a5bf31073fe7af76e2a7c0ca5e1787a2a6e5503be959033e3
size 18504013
